Различия в данных ожидаемых и реальных связано с малым количеством отправленных заявок. Как можно увидеть, чем ближе друг к другу интенсивность потока заявок и интенсивность их обслуживания, тем меньше их вероятность простоя и отклонения.
Теоретические данные отличаются от экспермиментальных в связи стем, что отправляется относительно малое количество заявок (100 штук в каждом эксперименте)
Вероятность простоя тем меньше, чем ближе друг к другу интенсивность потока заявок и интенсивность их обслуживания
Вероятность отказа тем меньше чем больше интенсивность обслуживания заявок по сранению с интенсивностью их потока
То же самое можно сказать про относительную и абсолютную пропускную способность, а так же про среднее число занятых каналов
Отрицательные значения иногда встречаются из-за ограничений вычисления чисел с плавающей точкой

Количестве каналов: 5
лямбда   мю       P0(эксп.- теор.)   Pn(эксп.- теор.)   Q(эксп. - теор.)   A(эксп. - теор.)   k(эксп. - теор.)
0,50000; 0,50000; 0,00214 - 0,36923; 0,00000 - 0,00308; 1,00000 - 0,99692; 0,50000 - 0,49846; 0,99826 - 0,99692
0,50000; 1,00000; 0,49932 - 0,60664; 0,00000 - 0,00016; 1,00000 - 0,99984; 0,50000 - 0,49992; 0,50068 - 0,49992
0,50000; 1,50000; 0,66638 - 0,71655; 0,00000 - 0,00002; 1,00000 - 0,99998; 0,50000 - 0,49999; 0,33362 - 0,33333
0,50000; 2,00000; 0,74513 - 0,77881; 0,00000 - 0,00001; 1,00000 - 0,99999; 0,50000 - 0,50000; 0,25479 - 0,25000
0,50000; 2,50000; 0,79931 - 0,81873; 0,00000 - 0,00000; 1,00000 - 1,00000; 0,50000 - 0,50000; 0,20069 - 0,20000
0,50000; 3,00000; 0,83069 - 0,84648; 0,00000 - 0,00000; 1,00000 - 1,00000; 0,50000 - 0,50000; 0,16931 - 0,16667
0,50000; 3,50000; 0,85408 - 0,86688; 0,00000 - 0,00000; 1,00000 - 1,00000; 0,50000 - 0,50000; 0,14592 - 0,14286
0,50000; 4,00000; 0,86922 - 0,88250; 0,00000 - 0,00000; 1,00000 - 1,00000; 0,50000 - 0,50000; 0,13078 - 0,12500
0,50000; 4,50000; 0,88584 - 0,89484; 0,00000 - 0,00000; 1,00000 - 1,00000; 0,50000 - 0,50000; 0,11416 - 0,11111
0,50000; 5,00000; 0,89991 - 0,90484; 0,00000 - 0,00000; 1,00000 - 1,00000; 0,50000 - 0,50000; 0,10009 - 0,10000
0,50000; 5,50000; 0,90855 - 0,91310; 0,00000 - 0,00000; 1,00000 - 1,00000; 0,50000 - 0,50000; 0,09145 - 0,09091
0,50000; 6,00000; 0,91575 - 0,92004; 0,00000 - 0,00000; 1,00000 - 1,00000; 0,50000 - 0,50000; 0,08425 - 0,08333
1,00000; 0,50000; 0,00016 - 0,14286; 0,00000 - 0,03810; 1,00000 - 0,96190; 1,00000 - 0,96190; 1,97222 - 1,92381
1,00000; 1,00000; 0,00281 - 0,36923; 0,00000 - 0,00308; 1,00000 - 0,99692; 1,00000 - 0,99692; 0,99719 - 0,99692
1,00000; 1,50000; 0,34009 - 0,51374; 0,00000 - 0,00056; 1,00000 - 0,99944; 1,00000 - 0,99944; 0,65991 - 0,66629
1,00000; 2,00000; 0,49735 - 0,60664; 0,00000 - 0,00016; 1,00000 - 0,99984; 1,00000 - 0,99984; 0,50265 - 0,49992
1,00000; 2,50000; 0,60292 - 0,67036; 0,00000 - 0,00006; 1,00000 - 0,99994; 1,00000 - 0,99994; 0,39693 - 0,39998
1,00000; 3,00000; 0,66583 - 0,71655; 0,00000 - 0,00002; 1,00000 - 0,99998; 1,00000 - 0,99998; 0,33417 - 0,33333
1,00000; 3,50000; 0,71027 - 0,75149; 0,00000 - 0,00001; 1,00000 - 0,99999; 1,00000 - 0,99999; 0,28957 - 0,28571
1,00000; 4,00000; 0,74147 - 0,77881; 0,00000 - 0,00001; 1,00000 - 0,99999; 1,00000 - 0,99999; 0,25853 - 0,25000
1,00000; 4,50000; 0,77116 - 0,80074; 0,00000 - 0,00000; 1,00000 - 1,00000; 1,00000 - 1,00000; 0,22884 - 0,22222
1,00000; 5,00000; 0,80132 - 0,81873; 0,00000 - 0,00000; 1,00000 - 1,00000; 1,00000 - 1,00000; 0,19837 - 0,20000
1,00000; 5,50000; 0,81994 - 0,83375; 0,00000 - 0,00000; 1,00000 - 1,00000; 1,00000 - 1,00000; 0,18006 - 0,18182
1,00000; 6,00000; 0,83318 - 0,84648; 0,00000 - 0,00000; 1,00000 - 1,00000; 1,00000 - 1,00000; 0,16667 - 0,16667
1,50000; 0,50000; 0,00024 - 0,06107; 0,00000 - 0,12366; 1,00000 - 0,87634; 1,50000 - 1,31450; 2,95647 - 2,62901
1,50000; 1,00000; 0,00024 - 0,22735; 0,00000 - 0,01439; 1,00000 - 0,98561; 1,50000 - 1,47842; 1,49434 - 1,47842
1,50000; 1,50000; 0,00709 - 0,36923; 0,00000 - 0,00308; 1,00000 - 0,99692; 1,50000 - 1,49538; 0,99315 - 0,99692
1,50000; 2,00000; 0,23710 - 0,47287; 0,00000 - 0,00094; 1,00000 - 0,99906; 1,50000 - 1,49860; 0,76266 - 0,74930
1,50000; 2,50000; 0,40203 - 0,54903; 0,00000 - 0,00036; 1,00000 - 0,99964; 1,50000 - 1,49947; 0,59797 - 0,59979
1,50000; 3,00000; 0,49115 - 0,60664; 0,00000 - 0,00016; 1,00000 - 0,99984; 1,50000 - 1,49976; 0,50885 - 0,49992
1,50000; 3,50000; 0,56510 - 0,65149; 0,00000 - 0,00008; 1,00000 - 0,99992; 1,50000 - 1,49988; 0,43490 - 0,42854
1,50000; 4,00000; 0,61128 - 0,68732; 0,00000 - 0,00004; 1,00000 - 0,99996; 1,50000 - 1,49994; 0,38872 - 0,37498
1,50000; 4,50000; 0,65979 - 0,71655; 0,00000 - 0,00002; 1,00000 - 0,99998; 1,50000 - 1,49996; 0,34021 - 0,33333
1,50000; 5,00000; 0,70515 - 0,74083; 0,00000 - 0,00002; 1,00000 - 0,99998; 1,50000 - 1,49998; 0,29462 - 0,30000
1,50000; 5,50000; 0,72903 - 0,76131; 0,00000 - 0,00001; 1,00000 - 0,99999; 1,50000 - 1,49999; 0,27097 - 0,27272
1,50000; 6,00000; 0,74764 - 0,77881; 0,00000 - 0,00001; 1,00000 - 0,99999; 1,50000 - 1,49999; 0,25236 - 0,25000
2,00000; 0,50000; 0,00031 - 0,02913; 0,00000 - 0,24854; 1,00000 - 0,75146; 2,00000 - 1,50291; 3,84228 - 3,00583
2,00000; 1,00000; 0,00031 - 0,14286; 0,00000 - 0,03810; 1,00000 - 0,96190; 2,00000 - 1,92381; 1,95331 - 1,92381
2,00000; 1,50000; 0,00031 - 0,26674; 0,00000 - 0,00937; 1,00000 - 0,99063; 2,00000 - 1,98127; 1,28950 - 1,32084
2,00000; 2,00000; 0,00278 - 0,36923; 0,00000 - 0,00308; 1,00000 - 0,99692; 2,00000 - 1,99385; 0,99784 - 0,99692
2,00000; 2,50000; 0,21766 - 0,44996; 0,00000 - 0,00123; 1,00000 - 0,99877; 2,00000 - 1,99754; 0,78234 - 0,79902
2,00000; 3,00000; 0,33942 - 0,51374; 0,00000 - 0,00056; 1,00000 - 0,99944; 2,00000 - 1,99887; 0,66058 - 0,66629
2,00000; 3,50000; 0,43025 - 0,56490; 0,00000 - 0,00029; 1,00000 - 0,99971; 2,00000 - 1,99943; 0,56944 - 0,57126
2,00000; 4,00000; 0,49073 - 0,60664; 0,00000 - 0,00016; 1,00000 - 0,99984; 2,00000 - 1,99968; 0,50927 - 0,49992
2,00000; 4,50000; 0,55731 - 0,64124; 0,00000 - 0,00009; 1,00000 - 0,99991; 2,00000 - 1,99981; 0,44269 - 0,44440
2,00000; 5,00000; 0,61168 - 0,67036; 0,00000 - 0,00006; 1,00000 - 0,99994; 2,00000 - 1,99989; 0,38832 - 0,39998
2,00000; 5,50000; 0,64213 - 0,69517; 0,00000 - 0,00004; 1,00000 - 0,99996; 2,00000 - 1,99993; 0,35756 - 0,36362
2,00000; 6,00000; 0,67511 - 0,71655; 0,00000 - 0,00002; 1,00000 - 0,99998; 2,00000 - 1,99995; 0,32489 - 0,33333
2,50000; 0,50000; 0,00039 - 0,01530; 0,00000 - 0,39834; 1,00000 - 0,60166; 2,50000 - 1,50414; 4,82981 - 3,00829
2,50000; 1,00000; 0,00039 - 0,09211; 0,00000 - 0,07496; 1,00000 - 0,92504; 2,50000 - 2,31260; 2,46082 - 2,31260
2,50000; 1,50000; 0,00039 - 0,19423; 0,00000 - 0,02081; 1,00000 - 0,97919; 2,50000 - 2,44796; 1,63348 - 1,63198
2,50000; 2,00000; 0,00039 - 0,28914; 0,00000 - 0,00735; 1,00000 - 0,99265; 2,50000 - 2,48162; 1,24941 - 1,24081
2,50000; 2,50000; 0,00862 - 0,36923; 0,00000 - 0,00308; 1,00000 - 0,99692; 2,50000 - 2,49231; 0,99099 - 0,99692
2,50000; 3,00000; 0,15959 - 0,43533; 0,00000 - 0,00146; 1,00000 - 0,99854; 2,50000 - 2,49636; 0,84041 - 0,83212
2,50000; 3,50000; 0,27241 - 0,48996; 0,00000 - 0,00076; 1,00000 - 0,99924; 2,50000 - 2,49810; 0,72759 - 0,71374
2,50000; 4,00000; 0,35190 - 0,53552; 0,00000 - 0,00043; 1,00000 - 0,99957; 2,50000 - 2,49894; 0,64810 - 0,62473
2,50000; 4,50000; 0,43169 - 0,57391; 0,00000 - 0,00025; 1,00000 - 0,99975; 2,50000 - 2,49937; 0,56831 - 0,55541
2,50000; 5,00000; 0,50960 - 0,60664; 0,00000 - 0,00016; 1,00000 - 0,99984; 2,50000 - 2,49961; 0,49040 - 0,49992
2,50000; 5,50000; 0,54827 - 0,63481; 0,00000 - 0,00010; 1,00000 - 0,99990; 2,50000 - 2,49974; 0,45173 - 0,45450
2,50000; 6,00000; 0,58842 - 0,65929; 0,00000 - 0,00007; 1,00000 - 0,99993; 2,50000 - 2,49983; 0,41158 - 0,41664
3,00000; 0,50000; 0,00046 - 0,00870; 0,16000 - 0,56348; 0,84000 - 0,43652; 2,52000 - 1,30957; 4,76923 - 2,61913
3,00000; 1,00000; 0,00046 - 0,06107; 0,00000 - 0,12366; 1,00000 - 0,87634; 3,00000 - 2,62901; 2,89476 - 2,62901
3,00000; 1,50000; 0,00046 - 0,14286; 0,00000 - 0,03810; 1,00000 - 0,96190; 3,00000 - 2,88571; 1,93349 - 1,92381
3,00000; 2,00000; 0,00046 - 0,22735; 0,00000 - 0,01439; 1,00000 - 0,98561; 3,00000 - 2,95684; 1,47822 - 1,47842
3,00000; 2,50000; 0,00046 - 0,30355; 0,00000 - 0,00629; 1,00000 - 0,99371; 3,00000 - 2,98112; 1,16774 - 1,19245
3,00000; 3,00000; 0,00417 - 0,36923; 0,00000 - 0,00308; 1,00000 - 0,99692; 3,00000 - 2,99077; 0,99583 - 0,99692
3,00000; 3,50000; 0,15111 - 0,42518; 0,00000 - 0,00164; 1,00000 - 0,99836; 3,00000 - 2,99508; 0,84889 - 0,85574
3,00000; 4,00000; 0,23330 - 0,47287; 0,00000 - 0,00094; 1,00000 - 0,99906; 3,00000 - 2,99719; 0,76670 - 0,74930
3,00000; 4,50000; 0,32763 - 0,51374; 0,00000 - 0,00056; 1,00000 - 0,99944; 3,00000 - 2,99831; 0,67191 - 0,66629
3,00000; 5,00000; 0,41991 - 0,54903; 0,00000 - 0,00036; 1,00000 - 0,99964; 3,00000 - 2,99893; 0,57963 - 0,59979
3,00000; 5,50000; 0,46108 - 0,57973; 0,00000 - 0,00023; 1,00000 - 0,99977; 3,00000 - 2,99930; 0,53892 - 0,54533
3,00000; 6,00000; 0,51434 - 0,60664; 0,00000 - 0,00016; 1,00000 - 0,99984; 3,00000 - 2,99953; 0,48519 - 0,49992
3,50000; 0,50000; 0,00054 - 0,00527; 0,28000 - 0,73828; 0,72000 - 0,26172; 2,52000 - 0,91601; 4,72757 - 1,83202
3,50000; 1,00000; 0,00054 - 0,04163; 0,00000 - 0,18219; 1,00000 - 0,81781; 3,50000 - 2,86234; 3,35622 - 2,86234
3,50000; 1,50000; 0,00054 - 0,10629; 0,00000 - 0,06126; 1,00000 - 0,93874; 3,50000 - 3,28557; 2,22793 - 2,19038
3,50000; 2,00000; 0,00054 - 0,17969; 0,00000 - 0,02458; 1,00000 - 0,97542; 3,50000 - 3,41398; 1,72419 - 1,70699
3,50000; 2,50000; 0,00054 - 0,25016; 0,00000 - 0,01121; 1,00000 - 0,98879; 3,50000 - 3,46076; 1,35126 - 1,38430
3,50000; 3,00000; 0,00054 - 0,31357; 0,00000 - 0,00565; 1,00000 - 0,99435; 3,50000 - 3,48023; 1,13864 - 1,16008
3,50000; 3,50000; 0,00914 - 0,36923; 0,00000 - 0,00308; 1,00000 - 0,99692; 3,50000 - 3,48923; 0,99086 - 0,99692
3,50000; 4,00000; 0,11117 - 0,41773; 0,00000 - 0,00179; 1,00000 - 0,99821; 3,50000 - 3,49375; 0,88883 - 0,87344
3,50000; 4,50000; 0,22419 - 0,46000; 0,00000 - 0,00109; 1,00000 - 0,99891; 3,50000 - 3,49618; 0,77581 - 0,77693
3,50000; 5,00000; 0,33046 - 0,49698; 0,00000 - 0,00070; 1,00000 - 0,99930; 3,50000 - 3,49756; 0,66954 - 0,69951
3,50000; 5,50000; 0,38242 - 0,52949; 0,00000 - 0,00046; 1,00000 - 0,99954; 3,50000 - 3,49839; 0,61758 - 0,63607
3,50000; 6,00000; 0,43392 - 0,55823; 0,00000 - 0,00031; 1,00000 - 0,99969; 3,50000 - 3,49890; 0,56608 - 0,58315
4,00000; 0,50000; 0,00060 - 0,00337; 0,36000 - 0,91942; 0,64000 - 0,08058; 2,56000 - 0,32233; 4,64819 - 0,64467
4,00000; 1,00000; 0,00060 - 0,02913; 0,00000 - 0,24854; 1,00000 - 0,75146; 4,00000 - 3,00583; 3,75495 - 3,00583
4,00000; 1,50000; 0,00060 - 0,08007; 0,00000 - 0,08997; 1,00000 - 0,91003; 4,00000 - 3,64011; 2,50181 - 2,42674
4,00000; 2,00000; 0,00060 - 0,14286; 0,00000 - 0,03810; 1,00000 - 0,96190; 4,00000 - 3,84762; 1,92599 - 1,92381
4,00000; 2,50000; 0,00060 - 0,20679; 0,00000 - 0,01807; 1,00000 - 0,98193; 4,00000 - 3,92772; 1,50993 - 1,57109
4,00000; 3,00000; 0,00060 - 0,26674; 0,00000 - 0,00937; 1,00000 - 0,99063; 4,00000 - 3,96253; 1,27768 - 1,32084
4,00000; 3,50000; 0,00060 - 0,32095; 0,00000 - 0,00521; 1,00000 - 0,99479; 4,00000 - 3,97914; 1,10397 - 1,13690
4,00000; 4,00000; 0,01632 - 0,36923; 0,00000 - 0,00308; 1,00000 - 0,99692; 4,00000 - 3,98769; 0,98368 - 0,99692
4,00000; 4,50000; 0,12927 - 0,41203; 0,00000 - 0,00191; 1,00000 - 0,99809; 4,00000 - 3,99238; 0,87073 - 0,88720
4,00000; 5,00000; 0,24186 - 0,44996; 0,00000 - 0,00123; 1,00000 - 0,99877; 4,00000 - 3,99509; 0,75814 - 0,79902
4,00000; 5,50000; 0,30241 - 0,48367; 0,00000 - 0,00082; 1,00000 - 0,99918; 4,00000 - 3,99672; 0,69759 - 0,72668
4,00000; 6,00000; 0,36533 - 0,51374; 0,00000 - 0,00056; 1,00000 - 0,99944; 4,00000 - 3,99774; 0,63467 - 0,66629
4,50000; 0,50000; 0,00068 - 0,00225; 0,44000 - 1,10486; 0,56000 - -0,10486; 2,52000 - -0,47185; 4,67257 - -0,94370
4,50000; 1,00000; 0,00068 - 0,02088; 0,00000 - 0,32104; 1,00000 - 0,67896; 4,50000 - 3,05532; 4,23848 - 3,05532
4,50000; 1,50000; 0,00069 - 0,06107; 0,00000 - 0,12366; 1,00000 - 0,87634; 4,50000 - 3,94351; 2,82212 - 2,62901
4,50000; 2,00000; 0,00068 - 0,11432; 0,00000 - 0,05493; 1,00000 - 0,94507; 4,50000 - 4,25280; 2,16441 - 2,12640
4,50000; 2,50000; 0,00068 - 0,17154; 0,00000 - 0,02701; 1,00000 - 0,97299; 4,50000 - 4,37845; 1,71235 - 1,75138
4,50000; 3,00000; 0,00068 - 0,22735; 0,00000 - 0,01439; 1,00000 - 0,98561; 4,50000 - 4,43526; 1,42529 - 1,47842
4,50000; 3,50000; 0,00068 - 0,27930; 0,00000 - 0,00818; 1,00000 - 0,99182; 4,50000 - 4,46320; 1,23697 - 1,27520
4,50000; 4,00000; 0,00068 - 0,32660; 0,00000 - 0,00490; 1,00000 - 0,99510; 4,50000 - 4,47793; 1,10765 - 1,11948
4,50000; 4,50000; 0,00815 - 0,36923; 0,00000 - 0,00308; 1,00000 - 0,99692; 4,50000 - 4,48615; 0,99185 - 0,99692
4,50000; 5,00000; 0,15474 - 0,40752; 0,00000 - 0,00201; 1,00000 - 0,99799; 4,50000 - 4,49098; 0,84526 - 0,89820
4,50000; 5,50000; 0,21293 - 0,44192; 0,00000 - 0,00135; 1,00000 - 0,99865; 4,50000 - 4,49392; 0,78707 - 0,81708
4,50000; 6,00000; 0,28366 - 0,47287; 0,00000 - 0,00094; 1,00000 - 0,99906; 4,50000 - 4,49579; 0,71634 - 0,74930
5,00000; 0,50000; 0,00078 - 0,00155; 0,50000 - 1,29333; 0,50000 - -0,29333; 2,50000 - -1,46663; 4,81947 - -2,93326
5,00000; 1,00000; 0,00078 - 0,01530; 0,00000 - 0,39834; 1,00000 - 0,60166; 5,00000 - 3,00829; 4,85200 - 3,00829
5,00000; 1,50000; 0,00078 - 0,04716; 0,00000 - 0,16172; 1,00000 - 0,83828; 5,00000 - 4,19141; 3,25195 - 2,79427
5,00000; 2,00000; 0,00078 - 0,09211; 0,00000 - 0,07496; 1,00000 - 0,92504; 5,00000 - 4,62521; 2,48209 - 2,31260
5,00000; 2,50000; 0,00079 - 0,14286; 0,00000 - 0,03810; 1,00000 - 0,96190; 5,00000 - 4,80952; 1,96848 - 1,92381
5,00000; 3,00000; 0,00079 - 0,19423; 0,00000 - 0,02081; 1,00000 - 0,97919; 5,00000 - 4,89593; 1,65357 - 1,63198
5,00000; 3,50000; 0,00079 - 0,24340; 0,00000 - 0,01207; 1,00000 - 0,98793; 5,00000 - 4,93966; 1,42891 - 1,41133
5,00000; 4,00000; 0,00078 - 0,28914; 0,00000 - 0,00735; 1,00000 - 0,99265; 5,00000 - 4,96323; 1,26661 - 1,24081
5,00000; 4,50000; 0,00079 - 0,33107; 0,00000 - 0,00467; 1,00000 - 0,99533; 5,00000 - 4,97664; 1,12726 - 1,10592
5,00000; 5,00000; 0,02113 - 0,36923; 0,00000 - 0,00308; 1,00000 - 0,99692; 5,00000 - 4,98462; 0,97887 - 0,99692
5,00000; 5,50000; 0,09133 - 0,40388; 0,00000 - 0,00209; 1,00000 - 0,99791; 5,00000 - 4,98955; 0,90867 - 0,90719
5,00000; 6,00000; 0,16993 - 0,43533; 0,00000 - 0,00146; 1,00000 - 0,99854; 5,00000 - 4,99271; 0,83007 - 0,83212
5,50000; 0,50000; 0,00085 - 0,00111; 0,54000 - 1,48400; 0,46000 - -0,48400; 2,53000 - -2,66199; 4,77455 - -5,32399
5,50000; 1,00000; 0,00085 - 0,01143; 0,16000 - 0,47942; 0,84000 - 0,52058; 4,62000 - 2,86320; 4,39966 - 2,86320
5,50000; 1,50000; 0,00085 - 0,03685; 0,00000 - 0,20353; 1,00000 - 0,79647; 5,50000 - 4,38059; 3,50852 - 2,92040
5,50000; 2,00000; 0,00085 - 0,07474; 0,00000 - 0,09795; 1,00000 - 0,90205; 5,50000 - 4,96126; 2,70763 - 2,48063
5,50000; 2,50000; 0,00085 - 0,11946; 0,00000 - 0,05131; 1,00000 - 0,94869; 5,50000 - 5,21782; 2,13254 - 2,08713
5,50000; 3,00000; 0,00086 - 0,16634; 0,00000 - 0,02871; 1,00000 - 0,97129; 5,50000 - 5,34209; 1,78436 - 1,78070
5,50000; 3,50000; 0,00085 - 0,21245; 0,00000 - 0,01696; 1,00000 - 0,98304; 5,50000 - 5,40669; 1,54654 - 1,54477
5,50000; 4,00000; 0,00085 - 0,25624; 0,00000 - 0,01050; 1,00000 - 0,98950; 5,50000 - 5,44228; 1,40017 - 1,36057
5,50000; 4,50000; 0,00084 - 0,29705; 0,00000 - 0,00675; 1,00000 - 0,99325; 5,50000 - 5,46287; 1,22129 - 1,21397
5,50000; 5,00000; 0,00083 - 0,33469; 0,00000 - 0,00449; 1,00000 - 0,99551; 5,50000 - 5,47529; 1,05833 - 1,09506
5,50000; 5,50000; 0,02435 - 0,36923; 0,00000 - 0,00308; 1,00000 - 0,99692; 5,50000 - 5,48308; 0,97565 - 0,99692
5,50000; 6,00000; 0,10076 - 0,40087; 0,00000 - 0,00216; 1,00000 - 0,99784; 5,50000 - 5,48811; 0,89924 - 0,91468
6,00000; 0,50000; 0,00092 - 0,00081; 0,56000 - 1,67631; 0,44000 - -0,67631; 2,64000 - -4,05788; 4,76340 - -8,11576
6,00000; 1,00000; 0,00092 - 0,00870; 0,16000 - 0,56348; 0,84000 - 0,43652; 5,04000 - 2,61913; 4,77135 - 2,61913
6,00000; 1,50000; 0,00092 - 0,02913; 0,00000 - 0,24854; 1,00000 - 0,75146; 6,00000 - 4,50874; 3,82477 - 3,00583
6,00000; 2,00000; 0,00091 - 0,06107; 0,00000 - 0,12366; 1,00000 - 0,87634; 6,00000 - 5,25802; 2,92498 - 2,62901
6,00000; 2,50000; 0,00092 - 0,10034; 0,00000 - 0,06658; 1,00000 - 0,93342; 6,00000 - 5,60053; 2,31671 - 2,24021
6,00000; 3,00000; 0,00093 - 0,14286; 0,00000 - 0,03810; 1,00000 - 0,96190; 6,00000 - 5,77143; 1,96846 - 1,92381
6,00000; 3,50000; 0,00093 - 0,18576; 0,00000 - 0,02292; 1,00000 - 0,97708; 6,00000 - 5,86249; 1,70408 - 1,67500
6,00000; 4,00000; 0,00091 - 0,22735; 0,00000 - 0,01439; 1,00000 - 0,98561; 6,00000 - 5,91368; 1,50595 - 1,47842
6,00000; 4,50000; 0,00093 - 0,26674; 0,00000 - 0,00937; 1,00000 - 0,99063; 6,00000 - 5,94380; 1,32839 - 1,32084
6,00000; 5,00000; 0,00093 - 0,30355; 0,00000 - 0,00629; 1,00000 - 0,99371; 6,00000 - 5,96223; 1,15199 - 1,19245
6,00000; 5,50000; 0,00094 - 0,33768; 0,00000 - 0,00435; 1,00000 - 0,99565; 6,00000 - 5,97391; 1,07237 - 1,08617
6,00000; 6,00000; 0,03828 - 0,36923; 0,00000 - 0,00308; 1,00000 - 0,99692; 6,00000 - 5,98154; 0,96172 - 0,99692